2
010000000000000000000011000000000000001100001100000000111100000000001100000000111111001100000000000011000011000000000000001111000011000000000000001100110000000011110000001100000000000000110000000000001100000000000000000000000000000000000000000000000000000000000000000000001100110011000000
0
3
010111000011001100000000000011000000001111111100111100000000001100000000110000000000000000000000001100110000000000000000000000000000111100000011000000000000110000001100000000110000110011110000000000110000000000000000000000000000000011111111000000110000000000000011000000110011000000000000110000000000000011000011000011000000000000000000000000110000000011000011111100000011000011000000000000000000001111000000000000111100000000110000000000000000110000110000001100000011000000001100000000111100110000000000000011110000111111000000110011001100110000110011000000000011000000110011110000000000000000000011000000111111000000001100000000110000001111001100
0
1
01000000000001000000000000001100000000000011001100000000000000111100001100110000000000000000000000000000000000000000001100000000
0
1
01110000000000000001000000000000110000000000000000000000000000000011001100000000000000111100000011000000000000000000000000001100
0
2
010000010111000000000000000000000000000000000000000000000000000000000011000000110011000000000000000000001100000011001100000000000000000000000000001100000000110000001100000000110000000000110011000000111100111100000011000000000000000000111100110000000000000000000011000000000011000000110011
0
3
010100001100001100000000001100110000110101000000000000000000110000000000000000001100000011000000110000000000110000000000000000110000000011000000000000001100001111001100000000000000000011001111000011000000001100000000110000001100111100001100001111000000000000000000000000000011000000001100000011110000001100110000001100001111110000110000000000110000000000001100000000110000000000110000001100111100000011110000110000000000000000000000110000001100110000000011001111110000001111110000110011000000001111000000000000110000000011001100000000000000000011001111000000110000000011000000110011000000111111000000000011000000000000001100000000000000110000001100
0
1
01011111000000110101000000001100110000000000000000000011000000000000000000000000000000000000000000000000001111000000000000000000
0
1
01010101010101110101010101010100010111010101010001011100001100000101000000110000010111001100000011000000000000000000000000000000
0
1
01010111000101010101011111010101001111010101010111000001010101010000000101010101000011010101010100000001010101010000001101010101
0
2
010101110000000000111100010101010101110000001100010101010101010100000000010101010101010111000000110000110101010100000000001111000101010100001111000000000000110000000101000000000000110000001100000000111100000000000011000000000000001100000000000000000000000000110000110000000011110011000011
0
3
010100001111000000001100001111111100010111000000000000000000110011111100010100000011000000001100110000000000110000011111000000000000110011001100000000001111001100111100001100000000000011000000000000000011110000000000111100000000001100000000000011110000000011000000000000000011000011001111001100000000000011110000000000001100000011000000000011001100000011001100000000111111001100111100001100000000000000001100000000000000000000000000001100110000000000000000000000000000000000000000000011000000110000001100110011000000000000110000110000000000110000111100000000000000000000110000000000000000110000110011000011000000001100000000110011000011000000111100
0
1
01010101010101010110010101010101010101101010100101010101011010010101010101010101010101011001010101010101010101010101010101010101
1
